time,x,y,z,phi,theta,psi,x_velocity,y_velocity,z_velocity,phi_velocity,theta_velocity,psi_velocity,rotor_speed1,rotor_speed2,rotor_speed3,rotor_speed4
0.06,-3.04903019023e-07,2.70052588993e-07,10.0043862138,0.000246287546219,6.2826786515,0.0,5.43631696682e-06,2.35560884381e-05,0.146198877789,0.0112585366826,-0.036333387081,0.0,453.1275639812292,450.19782345754544,450.52058446638006,451.42974360706023
0.12000000000000001,1.7003495014e-05,8.71797848312e-06,10.014476519,0.000549415072826,6.28079609701,0.0,0.000760453119202,0.000308039607831,0.190137669165,-0.0117873612403,-0.0229543519333,0.0,417.9234739600673,419.0873270255072,420.0250855954527,418.02196629085466
0.18,0.000120158268898,3.62894897623e-05,10.0300794033,6.28294797745,6.27965628554,0.0,0.00281269465813,0.000530546193669,0.329927400756,-0.0159036498111,-0.0120697366634,0.0,448.6218012540489,449.5046150674662,449.90817287927814,449.57495033446924
0.23999999999999996,0.000367600067373,5.92234950795e-05,10.0537123654,6.28199460742,6.27900005336,0.0,0.00550836532101,0.000132706140547,0.45779448384,-0.0158612182652,-0.00876325445638,0.0,445.4992200309066,445.7695757926703,445.94429095143687,445.94785145494416
0.3,0.000793611740068,3.66978974412e-05,10.0859428693,6.28057981927,6.27793016804,0.0,0.0087640016292,-0.00100537920222,0.616482423202,-0.0471965648704,-0.050437862642,0.0,457.20653612827476,453.87443460280883,456.48130802896145,453.9740769131298
0.36000000000000004,0.00143280142,-8.44307853621e-05,10.1247662195,6.27796276527,6.27491620191,0.0,0.0128327953912,-0.00329355979812,0.677591838432,-0.0372809031384,-0.0498258489773,0.0,424.8271537463136,424.87789958557966,424.30932157620003,425.1584100992119
0.4200000000000001,0.00240621960037,-0.000411502105369,10.1708437229,6.27619890184,6.27145790254,0.0,0.0199710793198,-0.00783216391629,0.858201737533,-0.0170458899986,-0.0817430553184,0.0,464.0683141394495,461.5540262634149,460.9457910556319,462.5415941973779
0.48000000000000015,0.00387161028121,-0.00103240008726,10.2258173689,6.27573746744,6.26617077786,0.0,0.0294009826306,-0.0129363882103,0.97415331961,0.00642825108079,-0.10560301258,0.0,444.30642466046913,442.3393700859442,441.1496512613853,443.0835545023785
0.5400000000000001,0.00600430304919,-0.00195803811453,10.2868911128,6.27629599832,6.2601226077,0.0,0.0423060013636,-0.0178697461176,1.06154891424,0.0145239258622,-0.0926152100499,0.0,433.49372019337716,434.5744443240998,433.42680971513664,434.10647054843434
0.6000000000000002,0.00915485983575,-0.00320124814323,10.3583323072,6.27685949286,6.25455135442,0.0,0.0634038243215,-0.0234753315524,1.31954528385,-0.00361534867659,-0.0933362260656,0.0,484.9925190466917,484.9318759326681,487.030254531484,485.67171763847705
0.6600000000000003,0.0136222945506,-0.00475088186612,10.4421907426,6.27740351751,6.24882916577,0.0,0.0861288790138,-0.0281513350426,1.4755275458,0.0267491745168,-0.0997797155492,0.0,456.7047282931153,456.1830501431924,454.6325393535493,457.05869175208693
0.7200000000000003,0.0194893130347,-0.00654781396111,10.532782693,6.27931433629,6.24310411383,0.0,0.110003855843,-0.031573196381,1.54409261101,0.0404716413231,-0.0878793797151,0.0,429.0640683791349,430.06493780270597,428.12296190288134,429.28924621488494
0.7800000000000004,0.0269367032177,-0.00851225150191,10.6284092687,6.28223485696,6.23832193491,0.0,0.138744886018,-0.0336314020063,1.64329996783,0.0614208720427,-0.0669939667859,0.0,437.176448961518,438.9076707394904,439.4930286807758,441.2272316702533
0.8400000000000004,0.036204054644,-0.0105341477426,10.7300212521,0.00377463026904,6.23479381246,0.0,0.170540740479,-0.0333230717076,1.74359815383,0.100603402663,-0.046072084864,0.0,438.75234754866955,440.4831786049168,438.54694882713983,441.793818218137
0.9000000000000005,0.0473617036608,-0.0124409313938,10.8358953945,0.00996024317497,6.23231628643,0.0,0.201620178213,-0.0296658209093,1.78545761643,0.107655506241,-0.0331303190859,0.0,421.354617915119,422.47084798929325,420.5128676485394,421.1331320224998
0.9600000000000005,0.060690568068,-0.0139521448834,10.9493902751,0.0169711114634,6.22998810439,0.0,0.24290778158,-0.0199085175887,1.99733277873,0.130766903203,-0.053655660493,0.0,474.7727041538517,473.1946584337363,473.98003653887275,475.7637474330488
1.0200000000000005,0.0765249462729,-0.0147146803057,11.0749818269,0.0253649160939,6.226397884,0.0,0.285272718114,-0.00457349492975,2.18866121712,0.15374069366,-0.0765673742642,0.0,469.3646637827061,467.58072084070545,468.9293411221115,470.7271164815451
1.0800000000000005,0.0949479959919,-0.0143758646148,11.2112982624,0.0342800225266,6.22156597818,0.0,0.32933338151,0.0168741112352,2.35482618803,0.13552310059,-0.0899466582324,0.0,463.0206084330913,461.9618404003749,463.1262366394305,461.7107668522433
1.1400000000000006,0.115909667492,-0.0126771825432,11.3541044302,0.0423072453541,6.21600124394,0.0,0.369898533625,0.0405083181307,2.40520515972,0.130071259264,-0.0990258530654,0.0,426.977457097626,426.19448588931573,427.5623993928414,427.11494730159745
1.2000000000000006,0.139811404766,-0.00915335550761,11.5057342258,0.0496820451621,6.21009892488,0.0,0.42751658355,0.0778693654265,2.64848310394,0.102092100671,-0.0970962760314,0.0,486.7259306313009,486.862928038013,487.0080487122747,484.9227286408631
1.2600000000000007,0.167423477289,-0.00313908569059,11.6733764955,0.0554237532335,6.20429681012,0.0,0.493587013805,0.123345191069,2.93877534315,0.0781268998048,-0.0959252092067,0.0,500.852368436108,500.9306954178293,501.9268762288419,500.19111422311954
1.3200000000000007,0.19846977241,0.00526858925578,11.8499156445,0.0600906801122,6.19877660723,0.0,0.541780685703,0.157319240007,2.94576288881,0.0770838994512,-0.0851352131504,0.0,414.82419299473924,415.76278832602566,417.02801701040846,416.94215042773226
1.3800000000000008,0.232775773852,0.0159911771299,12.0300342585,0.0648282015767,6.19326976262,0.0,0.602267486903,0.200564086215,3.05779586167,0.0824648031224,-0.110363046928,0.0,451.1971837541006,449.1484652173628,450.3307481223322,450.7706799300387
1.4400000000000008,0.270727787591,0.0293334369361,12.2157183721,0.0695128168475,6.18637528334,0.0,0.663436562908,0.244632863396,3.13135357119,0.0674212571881,-0.126034744645,0.0,439.27608564650035,437.9623873415757,440.1818198059018,438.9399796467828
1.5000000000000009,0.312588809,0.0454803120882,12.40681199,0.0737154543672,6.17962638841,0.0,0.732622460771,0.293992331162,3.2379977697,0.0748294075226,-0.0939655369554,0.0,448.9691173249844,451.5518416454144,449.9291334490703,450.5321722464504
1.560000000000001,0.359195210287,0.06500340354,12.6086577275,0.0779762226618,6.17383182588,0.0,0.821546763026,0.357258015194,3.48929299452,0.0620158993081,-0.102383256955,0.0,494.23186485507773,493.60406538275333,495.01359129244076,494.0730363378036
1.620000000000001,0.410851620468,0.0881184324119,12.8216672298,0.0817905688452,6.16738665627,0.0,0.900939221654,0.413598245709,3.61049085701,0.0665153851703,-0.120096277647,0.0,458.53010960424564,457.11073111090894,457.0990740000854,457.46033114379793
1.680000000000001,0.467874724225,0.115019375553,13.0458478451,0.086127928859,6.1603525214,0.0,1.00060476224,0.483535631106,3.86116059128,0.0818676318773,-0.11205774408,0.0,496.23801061793256,496.81697733264446,496.78226129859274,497.91010236802447
1.740000000000001,0.53018162213,0.145620939631,13.2780858768,0.0910720573739,6.15340430431,0.0,1.07688243577,0.536939945124,3.87986459572,0.0834496270877,-0.124597925725,0.0,428.2746952997899,427.1939730127121,428.6492346856041,428.78944968617844
1.8000000000000012,0.59778884922,0.179930628474,13.5159210673,0.0963806558604,6.14563389665,0.0,1.17744639833,0.607220236653,4.04713873234,0.0969954026286,-0.141769550643,0.0,475.69025222200827,474.35898821438434,475.10456215841924,476.1479388151259
1.8600000000000012,0.671383787692,0.218421160926,13.7621550863,0.102188873681,6.13676269225,0.0,1.27653818677,0.676336230485,4.15996933654,0.0964175996855,-0.16419258712,0.0,461.07206626218897,459.2768138733237,461.0126675719679,460.9746454493204
1.9200000000000013,0.751235253634,0.261260617592,14.0159226736,0.107566855616,6.1271456311,0.0,1.38612228729,0.752166097029,4.29809499042,0.0704613841343,-0.153440800147,0.0,469.44273657235686,470.25338343274746,470.72882852868213,468.72176255370823
1.9800000000000013,0.837747403673,0.308675530886,14.2771840676,0.112253490125,6.1174201224,0.0,1.49848705785,0.828713157634,4.40985140175,0.0901656971539,-0.191308672039,0.0,464.90952876419215,461.90736191864204,462.79349422648295,464.3464526820838
2.0400000000000014,0.930923165587,0.360588283992,14.5434119139,0.117678947915,6.10703239903,0.0,1.60833030241,0.902160959702,4.46381925962,0.0909361822974,-0.15061149305,0.0,445.47483980588834,448.7604439573122,446.94878876405545,447.0183821896197
2.1000000000000014,1.03081949506,0.416967086026,14.8124941589,0.122848383918,6.09782595,0.0,1.72232652711,0.977566768972,4.50505838749,0.0743006815022,-0.159794354703,0.0,445.61639388591993,444.8427450241088,443.87720849611856,442.5157862116043
2.1600000000000015,1.13828913979,0.47832435113,15.0869466084,0.126927212808,6.08847207573,0.0,1.86085440883,1.06801246413,4.64235600406,0.0507103088088,-0.149072288806,0.0,475.04385192325003,475.8440687901225,476.1522114447937,474.34687372859185
2.2200000000000015,1.25477876595,0.545511735015,15.3721383844,0.129494587414,6.0803951757,0.0,2.02288926073,1.17172690903,4.86263235486,0.0180817605307,-0.115255586516,0.0,499.98940047775756,502.432069171679,503.51403969108367,501.14839351009647
2.2800000000000016,1.37959291721,0.617979842025,15.6629260212,0.130814711114,6.07410727811,0.0,2.13808601577,1.24394264019,4.83013651735,0.0288717326638,-0.0894485377699,0.0,425.22072730818866,427.4156355306819,425.2652756197308,426.1887057379575
2.3400000000000016,1.51166876564,0.694955697454,15.9529296524,0.132652915127,6.0688356064,0.0,2.26482754319,1.32201851496,4.83631943173,0.0339511253354,-0.0848637881876,0.0,439.4827744211867,439.8561758890879,438.65811655207307,439.08010620978155
2.4000000000000017,1.65154739607,0.776712099311,16.2437923428,0.134536405949,6.06372606384,0.0,2.39814645889,1.40330056917,4.8586823124,0.0257069114305,-0.085755786896,0.0,445.53474324645777,445.4558577992169,445.43475580552087,444.76027999487707
2.4600000000000017,1.79989937636,0.863605473827,16.5376965646,0.136071851741,6.0590139295,0.0,2.54722498863,1.49318268156,4.9374203144,0.0253574800167,-0.0670261245947,0.0,463.75549702289624,465.21977308953933,463.85480263827253,463.82744515365914
2.520000000000002,1.956598973,0.955512626115,16.8333669943,0.137206918885,6.05491794223,0.0,2.67635408822,1.57045506255,4.91805678693,0.00116013233215,-0.0708688447355,0.0,434.78923030223336,434.46347428868364,434.3010556225184,432.26635420705344
2.580000000000002,2.1214102207,1.05224253111,17.1291551777,0.137069614096,6.05082308771,0.0,2.81759390307,1.65378764615,4.94114300335,-0.0102758873619,-0.0634644562265,0.0,447.9353823845542,448.53373383692895,448.9774636081046,448.0485495628812
2.640000000000002,2.29473685006,1.15394785408,17.4262301623,0.136544736385,6.04677353843,0.0,2.96016944565,1.7362519743,4.96097361365,-0.00585493689407,-0.0770913331941,0.0,448.87892847137914,447.7680823132083,447.8568816739055,448.216503710327
2.700000000000002,2.47576112572,1.26006640219,17.7207132907,0.136673237674,6.04244445128,0.0,3.07429240916,1.80102467086,4.85535966828,0.0146365477175,-0.0637581174435,0.0,406.07903972079254,407.26895344833076,405.06360355703094,406.9025916626901
2.760000000000002,2.66425923303,1.37038940796,18.0111837766,0.137086001216,6.03862630147,0.0,3.20919096026,1.8764126564,4.8268225873,-0.0169499407004,-0.0633924855556,0.0,432.45885931255117,432.4865904154069,434.042421940929,431.3828593594648
2.820000000000002,2.86174346316,1.48568802996,18.3032737318,0.13601011995,6.03500950103,0.0,3.37373478549,1.96663038912,4.90880385485,-0.0199700650889,-0.0546888856241,0.0,469.8389921570684,470.5110339315406,467.3546342855133,467.1192230529108
2.880000000000002,3.06777244761,1.60563107048,18.5948860012,0.134827699273,6.03156808539,0.0,3.49411184292,2.03136895313,4.81182824988,-0.0191860707623,-0.063309925022,0.0,410.51825514399354,409.7497972337002,411.47956682217176,411.54898240551904
2.940000000000002,3.28263755674,1.73025469727,18.8867498347,0.134317132167,6.02747109747,0.0,3.66815902989,2.12251028295,4.91611214993,0.00709019891162,-0.0807615073024,0.0,478.15130417732064,476.8164380614086,474.821802359868,476.8337878204538
3.000000000000002,3.50733113409,1.85998135688,19.1822708185,0.135262170975,6.02217124535,0.0,3.82187673578,2.20166956761,4.93410276328,0.0290517907331,-0.111151212532,0.0,452.3809782205745,449.91990500232475,450.60729774650815,452.37944481507503
3.0600000000000023,3.74103354387,1.99431737637,19.4777487737,0.137054521446,6.01576228345,0.0,3.96859787029,2.27625728968,4.91479320683,0.0314651290979,-0.0993191297973,0.0,439.2835960236379,440.25364008356564,440.5679829594974,440.7678042486436
3.1200000000000023,3.98352586628,2.1330975723,19.7716773637,0.138789195411,6.00938799168,0.0,4.11483207336,2.34981643295,4.88252826941,0.0232406520495,-0.125987510063,0.0,437.9784525919254,435.74369879987324,436.86446601600636,436.17825583820945
3.1800000000000024,4.23561403465,2.2766650232,20.0662065418,0.139985612221,6.00189897336,0.0,4.28853420683,2.43572603971,4.93427420751,0.0123520954663,-0.122575239622,0.0,463.9406379425636,464.19509292234886,466.0672497295008,465.2152315877803
3.2400000000000024,4.49811481177,2.42532963806,20.3633546875,0.140334308738,5.99477946796,0.0,4.46187960653,2.51965893132,4.96991767897,-0.0123587458997,-0.111799381415,0.0,461.22684424099407,462.06513969801233,462.3182791686762,460.36670913066445
3.3000000000000025,4.77058063846,2.57876086093,20.66080308,0.139259332084,5.98767595174,0.0,4.62069128862,2.5945283563,4.94466317225,-0.0323661194437,-0.136747561523,0.0,445.26914926669116,443.2099182747386,442.8866642795413,441.2376527956947
3.3600000000000025,5.05405281806,2.73726954448,20.9611714552,0.137611387326,5.98035093619,0.0,4.82872655228,2.68865919772,5.06634151556,-0.0191269382862,-0.102533741601,0.0,488.48130815720936,491.01380547631373,491.0435829502184,492.0247745093645
3.4200000000000026,5.34826310014,2.90056009676,21.262913311,0.136344417838,5.97475872298,0.0,4.97858810322,2.75419258144,4.99166672627,-0.0254247062336,-0.0791223638479,0.0,428.9335822141679,430.90971858538927,430.17753621220294,429.6437655933232
3.4800000000000026,5.65345967983,3.06857195456,21.566188093,0.135222091282,5.97058126323,0.0,5.19457019111,2.8458311339,5.11629415359,-0.00784356886552,-0.0553471985279,0.0,493.0595536645024,494.8099133344018,493.79201151019856,495.0875864322695
3.5400000000000027,5.97071303583,3.24165006657,21.8740146732,0.13481183313,5.96723707459,0.0,5.38047737432,2.92325075302,5.1439889799,-0.00489800107553,-0.056526307366,0.0,466.952317177609,466.8583680821441,466.09593204317343,466.3262458744613
3.6000000000000028,6.29898125546,3.41928451999,22.1829988153,0.134103405633,5.96362156948,0.0,5.5617572301,2.99772009693,5.15496423611,-0.0315398004848,-0.0690196370378,0.0,462.478611689532,461.4908124820879,464.0361775457886,461.9396133942542
3.660000000000003,6.63821146749,3.60137622755,22.4928022724,0.13244501408,5.95947354327,0.0,5.74591951729,3.07169142753,5.17125514467,-0.0208019133422,-0.0693628999669,0.0,465.52012296482945,465.4898727083222,464.701120401929,465.5421148253579
3.720000000000003,6.98960344842,3.78828313348,22.8067465504,0.131222402728,5.95491008085,0.0,5.9669911927,3.1581632612,5.29227856586,-0.0195400759941,-0.0948509418384,0.0,500.0236829283309,498.15884016346,498.89043456569084,498.9826528620535
3.780000000000003,7.35312669703,3.97987764145,23.1244638732,0.130279724145,5.94972732772,0.0,6.15054791627,3.22807184542,5.29768739804,-0.00898288082199,-0.0733117362788,0.0,465.9841861949906,467.6593699629571,464.39254181351,465.2202287742541
3.840000000000003,7.72779328986,4.17566557222,23.4427262352,0.129841743877,5.94541381102,0.0,6.33830982774,3.29799347734,5.31042541328,-0.0041294446422,-0.069195075686,0.0,470.54161771872674,470.85661466099566,467.9714530788493,468.3493084267667
3.900000000000003,8.11204007203,4.37499390828,23.7569019476,0.129633811529,5.94105048161,0.0,6.47013241713,3.34625505364,5.16254011043,-0.00216965587914,-0.0809169551403,0.0,416.0406646979836,415.00816288160195,416.9499292655904,417.1212348555228
3.960000000000003,8.50400401432,4.57712596957,24.061627952,0.129889057781,5.93586415086,0.0,6.59561650342,3.39148187335,4.99550985103,0.0147239600959,-0.100752099216,0.0,409.00831312746385,407.23019357022315,407.680441444358,409.1875871122999
4.020000000000002,8.90505468461,4.78251085272,24.3605119708,0.131734880297,5.92961323178,0.0,6.77288158275,3.45467212289,4.9667668333,0.0515427810737,-0.112110540799,0.0,455.3561614643995,454.43708828251937,454.7260547338401,457.6670747280624
4.080000000000001,9.31781737995,4.99206915285,24.6603550321,0.134552068433,5.92304651279,0.0,6.98590547421,3.53067282448,5.02676883357,0.0356803322549,-0.104590521585,0.0,484.8580786872908,485.4133708992905,486.1376016115247,484.9483296730432
4.14,9.74351075775,5.20624705223,24.9639411556,0.136675304944,5.91725737384,0.0,7.20380507787,3.60856601823,5.09152553837,0.0347947522817,-0.0838658204452,0.0,488.448613679822,489.9849282495437,489.48692790651785,489.421419548213
4.199999999999998,10.180948434,5.42462919195,25.2677998825,0.138862725493,5.91228190083,0.0,7.37748222792,3.67089418626,5.03674277885,0.0395892344363,-0.0811066359786,0.0,453.18813824211674,453.40448346458544,453.1344118718206,453.52036061930704
4.259999999999997,10.6290217752,5.64683877804,25.5688343366,0.140783965275,5.90722052446,0.0,7.5582771837,3.73613984637,4.99726115601,0.00918174660842,-0.0918045676343,0.0,459.35806469464444,458.5030377560458,460.73145945494196,458.3206070223789
4.319999999999996,11.0872135013,5.87270261561,25.8655828191,0.141277807254,5.90225568932,0.0,7.71489952616,3.79261076857,4.89435701393,0.00625729442774,-0.0689828657579,0.0,437.3719589715003,439.26326393912575,439.1470618480607,438.90421636536115
4.379999999999995,11.5560374063,6.10237351061,26.1591688742,0.141143469279,5.89842495309,0.0,7.91236040221,3.86292985957,4.89120967389,-0.0304778612242,-0.0551662742912,0.0,471.0309953918386,472.09581636496165,474.1779316228223,471.3466346064156
4.439999999999993,12.0357790946,6.33591235907,26.4502901625,0.139235242584,5.8952646229,0.0,8.07893559007,3.92145531084,4.81284457781,-0.0345964525869,-0.0481016355163,0.0,448.41509280936236,448.98701454926527,448.1497594862397,447.81439611149943
4.499999999999992,12.5241486809,6.57245874367,26.7334626972,0.137961645928,5.89337540581,0.0,8.20014452338,3.96334435009,4.62706868395,-0.00287497688692,-0.0102210813861,0.0,408.88048317824416,412.2418859871743,407.58573685897744,410.4118104727519
4.559999999999991,13.0207211802,6.81181958871,27.0078829432,0.137543918015,5.89254459571,0.0,8.35203683823,4.01528639738,4.52060923088,-0.0167382931659,-0.0223174235208,0.0,436.74477685572947,435.73446635690766,437.3984619961234,436.24209841882004
4.6199999999999894,13.5258592349,7.05411154454,27.274770813,0.136274913824,5.89084437521,0.0,8.48581922209,4.06102077305,4.37623255288,-0.031884263459,-0.0444590681875,0.0,423.10803472944156,421.196436924717,422.852460445223,421.54517035504085
4.679999999999988,14.0388192923,7.29906010065,27.5326420789,0.134752508096,5.88801200613,0.0,8.61288123794,4.10380250013,4.22007468109,-0.0147888295658,-0.053358322553,0.0,417.07678323247234,416.29701103820986,415.6148465153398,417.1108084752017
4.739999999999987,14.5613095157,7.54716342215,27.7857635205,0.133608948112,5.88498576782,0.0,8.80314019756,4.16605684641,4.21680249392,-0.0293717818933,-0.0451576279884,0.0,468.32087867054287,468.95701279859594,468.7753989458227,467.64054995163355
4.799999999999986,15.093833491,7.7985316223,28.0355008364,0.131498780896,5.88258917129,0.0,8.94754987336,4.21268489208,4.10807197737,-0.0504715499729,-0.0311517678436,0.0,432.8957003416767,434.0721335365945,434.26585374429436,432.49108745741006
4.859999999999984,15.6375223237,8.05342930192,28.2846902406,0.128120591697,5.88081098655,0.0,9.17472774394,4.28334532149,4.19726628443,-0.0717246824518,-0.0267664329288,0.0,498.2352569115872,498.5556917582261,498.8244867202405,497.2677032564638
4.919999999999983,16.1919031696,8.31161141751,28.5325221758,0.124642777206,5.87939517464,0.0,9.30452309161,4.32243254264,4.06441025397,-0.0392431744022,-0.0179118042064,0.0,425.88771366450936,426.6445609133317,424.68560783686627,427.46066633448953
4.979999999999982,16.753115674,8.57181951571,28.7703472747,0.121832863296,5.87871050495,0.0,9.40258459769,4.35106095308,3.86417753157,-0.069765772845,-0.000839081679528,0.0,398.5926081833511,400.1504889714911,400.97143576608624,398.18593962946767
5.0399999999999805,17.3205751858,8.83381732671,28.9972254866,0.117648883174,5.87856507073,0.0,9.51261325012,4.38194060843,3.6993700656,-0.0696675753042,-0.00579876131636,0.0,409.90003755983605,409.45893715105206,410.55336783851374,410.557948077771
